2930770
2930771
2930772
2930773
2930774
2930775
2930776
2930777
2930778
2930779
2930780
2930781
2930782
2930783
2930784
2930785
2930786
2930787
2930788
2930789
2930790
2930791
2930792
2930793
2930794
2930795
2930796
2930797
2930798
2930799
2930800
2930801
2930802
2930803
2930804
2930805
2930806
2930807
2930808
2930809
2930810
2930811
2930812
2930813
2930814
2930815
2930816
2930817
2930818
2930819
2930820
2930821
2930822
2930823
2930824
2930825
2930826
2930827
2930828
2930829
2930830
2930831
2930832
2930833
2930834
2930835
2930836
2930837
2930838
2930839
2930840
2930841
2930842
2930843
2930844
2930845
2930846
2930847
2930848
2930849
2930850
2930851
2930852
2930853
2930854
2930855
2930856
2930857
2930858
2930859
2930860
2930861
2930862
2930863
2930864
2930865
2930866
2930867
2930868
2930869
2930870
2930871
2930872
2930873
2930874
2930875
2930876
2930877
2930878
2930879